201 points
-10.0000 98.0000 0.0000 1.0000 0.0000 0.0000 0.0000 0.0000
-9.9000 96.0100 0.0000 1.0000 0.0000 0.0000 0.0000 0.0000
-9.8000 94.0400 0.0000 1.0000 0.0000 0.0000 0.0000 0.0000
-9.7000 92.0900 0.0000 1.0000 0.0000 0.0000 0.0000 0.0000
-9.6000 90.1600 0.0000 1.0000 0.0000 0.0000 0.0000 0.0000
-9.5000 88.2500 0.0000 1.0000 0.0000 0.0000 0.0000 0.0000
-9.4000 86.3600 0.0000 1.0000 0.0000 0.0000 0.0000 0.0000
-9.3000 84.4900 0.0000 1.0000 0.0000 0.0000 0.0000 0.0000
-9.2000 82.6399 0.0000 1.0000 0.0000 0.0000 0.0000 0.0000
-9.1000 80.8099 0.0000 1.0000 0.0000 0.0000 0.0000 0.0000
-9.0000 78.9999 0.0000 1.0000 0.0000 0.0000 0.0000 0.0000
-8.9000 77.2099 0.0000 1.0000 0.0000 0.0000 0.0000 0.0000
-8.8000 75.4399 0.0000 1.0000 0.0000 0.0000 0.0000 0.0000
-8.7000 73.6899 0.0000 1.0000 0.0000 0.0000 0.0000 0.0000
-8.6000 71.9599 0.0000 1.0000 0.0000 0.0000 0.0000 0.0000
-8.5000 70.2499 0.0000 1.0000 0.0000 0.0000 0.0000 0.0000
-8.4000 68.5599 0.0000 1.0000 0.0000 0.0000 0.0000 0.0000
-8.3000 66.8899 0.0000 1.0000 0.0000 0.0000 0.0000 0.0000
-8.2000 65.2399 0.0000 1.0000 0.0000 0.0000 0.0000 0.0000
-8.1000 63.6099 0.0000 1.0000 0.0000 0.0000 0.0000 0.0000
-8.0000 61.9999 0.0000 1.0000 0.0000 0.0000 0.0000 0.0000
-7.9000 60.4099 0.0000 1.0000 0.0000 0.0000 0.0000 0.0000
-7.8000 58.8399 0.0000 1.0000 0.0000 0.0000 0.0000 0.0000
-7.7000 57.2899 0.0000 1.0000 0.0000 0.0000 0.0000 0.0000
-7.6000 55.7599 0.0000 1.0000 0.0000 0.0000 0.0000 0.0000
-7.5000 54.2499 0.0000 1.0000 0.0000 0.0000 0.0000 0.0000
-7.4000 52.7599 0.0000 1.0000 0.0000 0.0000 0.0000 0.0000
-7.3000 51.2899 0.0000 1.0000 0.0000 0.0000 0.0000 0.0000
-7.2000 49.8399 0.0000 1.0000 0.0000 0.0000 0.0000 0.0000
-7.1000 48.4099 0.0000 1.0000 0.0000 0.0000 0.0000 0.0000
-7.0000 46.9999 0.0000 1.0000 0.0000 0.0000 0.0000 0.0000
-6.9000 45.6099 0.0000 1.0000 0.0000 0.0000 0.0000 0.0000
-6.8000 44.2399 0.0000 1.0000 0.0000 0.0000 0.0000 0.0000
-6.7000 42.8899 0.0000 1.0000 0.0000 0.0000 0.0000 0.0000
-6.6000 41.5599 0.0000 1.0000 0.0000 0.0000 0.0000 0.0000
-6.5000 40.2499 0.0000 1.0000 0.0000 0.0000 0.0000 0.0000
-6.4000 38.9599 0.0000 1.0000 0.0000 0.0000 0.0000 0.0000
-6.3000 37.6899 0.0000 1.0000 0.0000 0.0000 0.0000 0.0000
-6.2000 36.4399 0.0000 1.0000 0.0000 0.0000 0.0000 0.0000
-6.1000 35.2099 0.0000 1.0000 0.0000 0.0000 0.0000 0.0000
-6.0000 33.9999 0.0000 1.0000 0.0000 0.0000 0.0000 0.0000
-5.9000 32.8099 0.0000 1.0000 0.0000 0.0000 0.0000 0.0000
-5.8000 31.6399 0.0000 1.0000 0.0000 0.0000 0.0000 0.0000
-5.7000 30.4899 0.0000 1.0000 0.0000 0.0000 0.0000 0.0000
-5.6000 29.3599 0.0000 1.0000 0.0000 0.0000 0.0000 0.0000
-5.5000 28.2499 0.0000 1.0000 0.0000 0.0000 0.0000 0.0000
-5.4000 27.1600 0.0000 1.0000 0.0000 0.0000 0.0000 0.0000
-5.3000 26.0900 0.0000 1.0000 0.0000 0.0000 0.0000 0.0000
-5.2000 25.0400 0.0000 1.0000 0.0000 0.0000 0.0000 0.0000
-5.1000 24.0100 0.0000 1.0000 0.0000 0.0000 0.0000 0.0000
-5.0000 23.0000 0.0000 1.0000 0.0000 0.0000 0.0000 0.0000
-4.9000 22.0100 0.0000 1.0000 0.0000 0.0000 0.0000 0.0000
-4.8000 21.0400 0.0000 1.0000 0.0000 0.0000 0.0000 0.0000
-4.7000 20.0900 0.0000 1.0000 0.0000 0.0000 0.0000 0.0000
-4.6000 19.1600 0.0000 1.0000 0.0000 0.0000 0.0000 0.0000
-4.5000 18.2500 0.0000 1.0000 0.0000 0.0000 0.0000 0.0000
-4.4000 17.3600 0.0000 1.0000 0.0000 0.0000 0.0000 0.0000
-4.3000 16.4900 0.0000 1.0000 0.0000 0.0000 0.0000 0.0000
-4.2000 15.6400 0.0000 1.0000 0.0000 0.0000 0.0000 0.0000
-4.1000 14.8100 0.0000 1.0000 0.0000 0.0000 0.0000 0.0000
-4.0000 14.0000 0.0000 1.0000 0.0000 0.0000 0.0000 0.0000
-3.9000 13.2100 0.0000 1.0000 0.0000 0.0000 0.0000 0.0000
-3.8000 12.4400 0.0000 1.0000 0.0000 0.0000 0.0000 0.0000
-3.7000 11.6900 0.0000 1.0000 0.0000 0.0000 0.0000 0.0000
-3.6000 10.9600 0.0000 1.0000 0.0000 0.0000 0.0000 0.0000
-3.5000 10.2500 0.0000 1.0000 0.0000 0.0000 0.0000 0.0000
-3.4000 9.5600 0.0000 1.0000 0.0000 0.0000 0.0000 0.0000
-3.3000 8.8900 0.0000 1.0000 0.0000 0.0000 0.0000 0.0000
-3.2000 8.2400 0.0000 1.0000 0.0000 0.0000 0.0000 0.0000
-3.1000 7.6100 0.0000 1.0000 0.0000 0.0000 0.0000 0.0000
-3.0000 7.0000 0.0000 1.0000 0.0000 0.0000 0.0000 0.0000
-2.9000 6.4100 0.0000 1.0000 0.0000 0.0000 0.0000 0.0000
-2.8000 5.8400 0.0000 1.0000 0.0000 0.0000 0.0000 0.0000
-2.7000 5.2900 0.0000 1.0000 0.0000 0.0000 0.0000 0.0000
-2.6000 4.7600 0.0000 1.0000 0.0000 0.0000 0.0000 0.0000
-2.5000 4.2500 0.0000 1.0000 0.0000 0.0000 0.0000 0.0000
-2.4000 3.7600 0.0000 1.0000 0.0000 0.0000 0.0000 0.0000
-2.3000 3.2900 0.0000 1.0000 0.0000 0.0000 0.0000 0.0000
-2.2000 2.8400 0.0000 1.0000 0.0000 0.0000 0.0000 0.0000
-2.1000 2.4100 0.0000 1.0000 0.0000 0.0000 0.0000 0.0000
-2.0000 2.0000 0.0000 1.0000 0.0000 0.0000 0.0000 0.0000
-1.9000 1.6100 0.0000 1.0000 0.0000 0.0000 0.0000 0.0000
-1.8000 1.2400 0.0000 1.0000 0.0000 0.0000 0.0000 0.0000
-1.7000 0.8900 0.0000 1.0000 0.0000 0.0000 0.0000 0.0000
-1.6000 0.5600 0.0000 1.0000 0.0000 0.0000 0.0000 0.0000
-1.5000 0.2500 0.0000 1.0000 0.0000 0.0000 0.0000 0.0000
-1.4000 -0.0400 0.0000 1.0000 0.0000 0.0000 0.0000 0.0000
-1.3000 -0.3100 0.0000 1.0000 0.0000 0.0000 0.0000 0.0000
-1.2000 -0.5600 0.0000 1.0000 0.0000 0.0000 0.0000 0.0000
-1.1000 -0.7900 0.0000 1.0000 0.0000 0.0000 0.0000 0.0000
-1.0000 -1.0000 0.0000 1.0000 0.0000 0.0000 0.0000 0.0000
-0.9000 -1.1900 0.0000 1.0000 0.0000 0.0000 0.0000 0.0000
-0.8000 -1.3600 0.0000 1.0000 0.0000 0.0000 0.0000 0.0000
-0.7000 -1.5100 0.0000 1.0000 0.0000 0.0000 0.0000 0.0000
-0.6000 -1.6400 0.0000 1.0000 0.0000 0.0000 0.0000 0.0000
-0.5000 -1.7500 0.0000 1.0000 0.0000 0.0000 0.0000 0.0000
-0.4000 -1.8400 0.0000 1.0000 0.0000 0.0000 0.0000 0.0000
-0.3000 -1.9100 0.0000 1.0000 0.0000 0.0000 0.0000 0.0000
-0.2000 -1.9600 0.0000 1.0000 0.0000 0.0000 0.0000 0.0000
-0.1000 -1.9900 0.0000 1.0000 0.0000 0.0000 0.0000 0.0000
0.0000 -2.0000 0.0000 0.0000 1.0000 0.0000 0.0000 0.0000
0.1000 -1.9900 0.0000 0.0000 1.0000 0.0000 0.0000 0.0000
0.2000 -1.9600 0.0000 0.0000 1.0000 0.0000 0.0000 0.0000
0.3000 -1.9100 0.0000 0.0000 1.0000 0.0000 0.0000 0.0000
0.4000 -1.8400 0.0000 0.0000 1.0000 0.0000 0.0000 0.0000
0.5000 -1.7500 0.0000 0.0000 1.0000 0.0000 0.0000 0.0000
0.6000 -1.6400 0.0000 0.0000 1.0000 0.0000 0.0000 0.0000
0.7000 -1.5100 0.0000 0.0000 1.0000 0.0000 0.0000 0.0000
0.8000 -1.3600 0.0000 0.0000 1.0000 0.0000 0.0000 0.0000
0.9000 -1.1900 0.0000 0.0000 1.0000 0.0000 0.0000 0.0000
1.0000 -1.0000 0.0000 0.0000 1.0000 0.0000 0.0000 0.0000
1.1000 -0.7900 0.0000 0.0000 1.0000 0.0000 0.0000 0.0000
1.2000 -0.5600 0.0000 0.0000 1.0000 0.0000 0.0000 0.0000
1.3000 -0.3100 0.0000 0.0000 1.0000 0.0000 0.0000 0.0000
1.4000 -0.0400 0.0000 0.0000 1.0000 0.0000 0.0000 0.0000
1.5000 0.2500 0.0000 0.0000 1.0000 0.0000 0.0000 0.0000
1.6000 0.5600 0.0000 0.0000 1.0000 0.0000 0.0000 0.0000
1.7000 0.8900 0.0000 0.0000 1.0000 0.0000 0.0000 0.0000
1.8000 1.2400 0.0000 0.0000 1.0000 0.0000 0.0000 0.0000
1.9000 1.6100 0.0000 0.0000 1.0000 0.0000 0.0000 0.0000
2.0000 2.0000 0.0000 0.0000 1.0000 0.0000 0.0000 0.0000
2.1000 2.4100 0.0000 0.0000 1.0000 0.0000 0.0000 0.0000
2.2000 2.8400 0.0000 0.0000 1.0000 0.0000 0.0000 0.0000
2.3000 3.2900 0.0000 0.0000 1.0000 0.0000 0.0000 0.0000
2.4000 3.7600 0.0000 0.0000 1.0000 0.0000 0.0000 0.0000
2.5000 4.2500 0.0000 0.0000 1.0000 0.0000 0.0000 0.0000
2.6000 4.7600 0.0000 0.0000 1.0000 0.0000 0.0000 0.0000
2.7000 5.2900 0.0000 0.0000 1.0000 0.0000 0.0000 0.0000
2.8000 5.8400 0.0000 0.0000 1.0000 0.0000 0.0000 0.0000
2.9000 6.4100 0.0000 0.0000 1.0000 0.0000 0.0000 0.0000
3.0000 7.0000 0.0000 0.0000 1.0000 0.0000 0.0000 0.0000
3.1000 7.6100 0.0000 0.0000 1.0000 0.0000 0.0000 0.0000
3.2000 8.2400 0.0000 0.0000 1.0000 0.0000 0.0000 0.0000
3.3000 8.8900 0.0000 0.0000 1.0000 0.0000 0.0000 0.0000
3.4000 9.5600 0.0000 0.0000 1.0000 0.0000 0.0000 0.0000
3.5000 10.2500 0.0000 0.0000 1.0000 0.0000 0.0000 0.0000
3.6000 10.9600 0.0000 0.0000 1.0000 0.0000 0.0000 0.0000
3.7000 11.6900 0.0000 0.0000 1.0000 0.0000 0.0000 0.0000
3.8000 12.4400 0.0000 0.0000 1.0000 0.0000 0.0000 0.0000
3.9000 13.2100 0.0000 0.0000 1.0000 0.0000 0.0000 0.0000
4.0000 14.0000 0.0000 0.0000 1.0000 0.0000 0.0000 0.0000
4.1000 14.8100 0.0000 0.0000 1.0000 0.0000 0.0000 0.0000
4.2000 15.6400 0.0000 0.0000 1.0000 0.0000 0.0000 0.0000
4.3000 16.4900 0.0000 0.0000 1.0000 0.0000 0.0000 0.0000
4.4000 17.3600 0.0000 0.0000 1.0000 0.0000 0.0000 0.0000
4.5000 18.2500 0.0000 0.0000 1.0000 0.0000 0.0000 0.0000
4.6000 19.1600 0.0000 0.0000 1.0000 0.0000 0.0000 0.0000
4.7000 20.0900 0.0000 0.0000 1.0000 0.0000 0.0000 0.0000
4.8000 21.0400 0.0000 0.0000 1.0000 0.0000 0.0000 0.0000
4.9000 22.0100 0.0000 0.0000 1.0000 0.0000 0.0000 0.0000
5.0000 23.0000 0.0000 0.0000 1.0000 0.0000 0.0000 0.0000
5.1000 24.0100 0.0000 0.0000 1.0000 0.0000 0.0000 0.0000
5.2000 25.0400 0.0000 0.0000 1.0000 0.0000 0.0000 0.0000
5.3000 26.0900 0.0000 0.0000 1.0000 0.0000 0.0000 0.0000
5.4000 27.1600 0.0000 0.0000 1.0000 0.0000 0.0000 0.0000
5.5000 28.2500 0.0000 0.0000 1.0000 0.0000 0.0000 0.0000
5.6000 29.3600 0.0000 0.0000 1.0000 0.0000 0.0000 0.0000
5.7000 30.4900 0.0000 0.0000 1.0000 0.0000 0.0000 0.0000
5.8000 31.6400 0.0000 0.0000 1.0000 0.0000 0.0000 0.0000
5.9000 32.8100 0.0000 0.0000 1.0000 0.0000 0.0000 0.0000
6.0000 34.0000 0.0000 0.0000 1.0000 0.0000 0.0000 0.0000
6.1000 35.2100 0.0000 0.0000 1.0000 0.0000 0.0000 0.0000
6.2000 36.4400 0.0000 0.0000 1.0000 0.0000 0.0000 0.0000
6.3000 37.6900 0.0000 0.0000 1.0000 0.0000 0.0000 0.0000
6.4000 38.9600 0.0000 0.0000 1.0000 0.0000 0.0000 0.0000
6.5000 40.2500 0.0000 0.0000 1.0000 0.0000 0.0000 0.0000
6.6000 41.5600 0.0000 0.0000 1.0000 0.0000 0.0000 0.0000
6.7000 42.8900 0.0000 0.0000 1.0000 0.0000 0.0000 0.0000
6.8000 44.2400 0.0000 0.0000 1.0000 0.0000 0.0000 0.0000
6.9000 45.6100 0.0000 0.0000 1.0000 0.0000 0.0000 0.0000
7.0000 47.0000 0.0000 0.0000 1.0000 0.0000 0.0000 0.0000
7.1000 48.4100 0.0000 0.0000 1.0000 0.0000 0.0000 0.0000
7.2000 49.8400 0.0000 0.0000 1.0000 0.0000 0.0000 0.0000
7.3000 51.2900 0.0000 0.0000 1.0000 0.0000 0.0000 0.0000
7.4000 52.7600 0.0000 0.0000 1.0000 0.0000 0.0000 0.0000
7.5000 54.2500 0.0000 0.0000 1.0000 0.0000 0.0000 0.0000
7.6000 55.7600 0.0000 0.0000 1.0000 0.0000 0.0000 0.0000
7.7000 57.2900 0.0000 0.0000 1.0000 0.0000 0.0000 0.0000
7.8000 58.8400 0.0000 0.0000 1.0000 0.0000 0.0000 0.0000
7.9000 60.4100 0.0000 0.0000 1.0000 0.0000 0.0000 0.0000
8.0000 61.9999 0.0000 0.0000 1.0000 0.0000 0.0000 0.0000
8.1000 63.6099 0.0000 0.0000 1.0000 0.0000 0.0000 0.0000
8.2000 65.2400 0.0000 0.0000 1.0000 0.0000 0.0000 0.0000
8.3000 66.8900 0.0000 0.0000 1.0000 0.0000 0.0000 0.0000
8.4000 68.5600 0.0000 0.0000 1.0000 0.0000 0.0000 0.0000
8.5000 70.2500 0.0000 0.0000 1.0000 0.0000 0.0000 0.0000
8.6000 71.9600 0.0000 0.0000 1.0000 0.0000 0.0000 0.0000
8.7000 73.6900 0.0000 0.0000 1.0000 0.0000 0.0000 0.0000
8.8000 75.4400 0.0000 0.0000 1.0000 0.0000 0.0000 0.0000
8.9000 77.2100 0.0000 0.0000 1.0000 0.0000 0.0000 0.0000
9.0000 79.0000 0.0000 0.0000 1.0000 0.0000 0.0000 0.0000
9.1000 80.8100 0.0000 0.0000 1.0000 0.0000 0.0000 0.0000
9.2000 82.6400 0.0000 0.0000 1.0000 0.0000 0.0000 0.0000
9.3000 84.4900 0.0000 0.0000 1.0000 0.0000 0.0000 0.0000
9.4000 86.3600 0.0000 0.0000 1.0000 0.0000 0.0000 0.0000
9.5000 88.2500 0.0000 0.0000 1.0000 0.0000 0.0000 0.0000
9.6000 90.1600 0.0000 0.0000 1.0000 0.0000 0.0000 0.0000
9.7000 92.0900 0.0000 0.0000 1.0000 0.0000 0.0000 0.0000
9.8000 94.0401 0.0000 0.0000 1.0000 0.0000 0.0000 0.0000
9.9000 96.0101 0.0000 0.0000 1.0000 0.0000 0.0000 0.0000
10.0000 98.0001 0.0000 0.0000 0.0000 0.0000 0.0000 0.0000
