301 points
-15.0000 -713.0000 0.0000 0.0000 1.0000 0.0000 0.0000 0.0000
-14.9000 -695.7653 0.0000 0.0000 1.0000 0.0000 0.0000 0.0000
-14.8000 -678.8063 0.0000 0.0000 1.0000 0.0000 0.0000 0.0000
-14.7000 -662.1209 0.0000 0.0000 1.0000 0.0000 0.0000 0.0000
-14.6000 -645.7070 0.0000 0.0000 1.0000 0.0000 0.0000 0.0000
-14.5000 -629.5622 0.0000 0.0000 1.0000 0.0000 0.0000 0.0000
-14.4000 -613.6844 0.0000 0.0000 1.0000 0.0000 0.0000 0.0000
-14.3000 -598.0715 0.0000 0.0000 1.0000 0.0000 0.0000 0.0000
-14.2000 -582.7211 0.0000 0.0000 1.0000 0.0000 0.0000 0.0000
-14.1000 -567.6312 0.0000 0.0000 1.0000 0.0000 0.0000 0.0000
-14.0000 -552.7994 0.0000 0.0000 1.0000 0.0000 0.0000 0.0000
-13.9000 -538.2237 0.0000 0.0000 1.0000 0.0000 0.0000 0.0000
-13.8000 -523.9017 0.0000 0.0000 1.0000 0.0000 0.0000 0.0000
-13.7000 -509.8314 0.0000 0.0000 1.0000 0.0000 0.0000 0.0000
-13.6000 -496.0105 0.0000 0.0000 1.0000 0.0000 0.0000 0.0000
-13.5000 -482.4367 0.0000 0.0000 1.0000 0.0000 0.0000 0.0000
-13.4000 -469.1080 0.0000 0.0000 1.0000 0.0000 0.0000 0.0000
-13.3000 -456.0221 0.0000 0.0000 1.0000 0.0000 0.0000 0.0000
-13.2000 -443.1767 0.0000 0.0000 1.0000 0.0000 0.0000 0.0000
-13.1000 -430.5698 0.0000 0.0000 1.0000 0.0000 0.0000 0.0000
-13.0000 -418.1991 0.0000 0.0000 1.0000 0.0000 0.0000 0.0000
-12.9000 -406.0625 0.0000 0.0000 1.0000 0.0000 0.0000 0.0000
-12.8000 -394.1576 0.0000 0.0000 1.0000 0.0000 0.0000 0.0000
-12.7000 -382.4823 0.0000 0.0000 1.0000 0.0000 0.0000 0.0000
-12.6000 -371.0344 0.0000 0.0000 1.0000 0.0000 0.0000 0.0000
-12.5000 -359.8118 0.0000 0.0000 1.0000 0.0000 0.0000 0.0000
-12.4000 -348.8121 0.0000 0.0000 1.0000 0.0000 0.0000 0.0000
-12.3000 -338.0332 0.0000 0.0000 1.0000 0.0000 0.0000 0.0000
-12.2000 -327.4729 0.0000 0.0000 1.0000 0.0000 0.0000 0.0000
-12.1000 -317.1291 0.0000 0.0000 1.0000 0.0000 0.0000 0.0000
-12.0000 -306.9994 0.0000 0.0000 1.0000 0.0000 0.0000 0.0000
-11.9000 -297.0817 0.0000 0.0000 1.0000 0.0000 0.0000 0.0000
-11.8000 -287.3738 0.0000 0.0000 1.0000 0.0000 0.0000 0.0000
-11.7000 -277.8736 0.0000 0.0000 1.0000 0.0000 0.0000 0.0000
-11.6000 -268.5787 0.0000 0.0000 1.0000 0.0000 0.0000 0.0000
-11.5000 -259.4870 0.0000 0.0000 1.0000 0.0000 0.0000 0.0000
-11.4000 -250.5963 0.0000 0.0000 1.0000 0.0000 0.0000 0.0000
-11.3000 -241.9044 0.0000 0.0000 1.0000 0.0000 0.0000 0.0000
-11.2000 -233.4091 0.0000 0.0000 1.0000 0.0000 0.0000 0.0000
-11.1000 -225.1083 0.0000 0.0000 1.0000 0.0000 0.0000 0.0000
-11.0000 -216.9996 0.0000 0.0000 1.0000 0.0000 0.0000 0.0000
-10.9000 -209.0809 0.0000 0.0000 1.0000 0.0000 0.0000 0.0000
-10.8000 -201.3500 0.0000 0.0000 1.0000 0.0000 0.0000 0.0000
-10.7000 -193.8047 0.0000 0.0000 1.0000 0.0000 0.0000 0.0000
-10.6000 -186.4428 0.0000 0.0000 1.0000 0.0000 0.0000 0.0000
-10.5000 -179.2622 0.0000 0.0000 1.0000 0.0000 0.0000 0.0000
-10.4000 -172.2605 0.0000 0.0000 1.0000 0.0000 0.0000 0.0000
-10.3000 -165.4356 0.0000 0.0000 1.0000 0.0000 0.0000 0.0000
-10.2000 -158.7853 0.0000 0.0000 1.0000 0.0000 0.0000 0.0000
-10.1000 -152.3074 0.0000 0.0000 1.0000 0.0000 0.0000 0.0000
-10.0000 -145.9997 0.0000 0.0000 1.0000 0.0000 0.0000 0.0000
-9.9000 -139.8600 0.0000 0.0000 1.0000 0.0000 0.0000 0.0000
-9.8000 -133.8862 0.0000 0.0000 1.0000 0.0000 0.0000 0.0000
-9.7000 -128.0759 0.0000 0.0000 1.0000 0.0000 0.0000 0.0000
-9.6000 -122.4270 0.0000 0.0000 1.0000 0.0000 0.0000 0.0000
-9.5000 -116.9373 0.0000 0.0000 1.0000 0.0000 0.0000 0.0000
-9.4000 -111.6046 0.0000 0.0000 1.0000 0.0000 0.0000 0.0000
-9.3000 -106.4267 0.0000 0.0000 1.0000 0.0000 0.0000 0.0000
-9.2000 -101.4014 0.0000 0.0000 1.0000 0.0000 0.0000 0.0000
-9.1000 -96.5265 0.0000 0.0000 1.0000 0.0000 0.0000 0.0000
-9.0000 -91.7998 0.0000 0.0000 1.0000 0.0000 0.0000 0.0000
-8.9000 -87.2192 0.0000 0.0000 1.0000 0.0000 0.0000 0.0000
-8.8000 -82.7823 0.0000 0.0000 1.0000 0.0000 0.0000 0.0000
-8.7000 -78.4870 0.0000 0.0000 1.0000 0.0000 0.0000 0.0000
-8.6000 -74.3311 0.0000 0.0000 1.0000 0.0000 0.0000 0.0000
-8.5000 -70.3124 0.0000 0.0000 1.0000 0.0000 0.0000 0.0000
-8.4000 -66.4287 0.0000 0.0000 1.0000 0.0000 0.0000 0.0000
-8.3000 -62.6778 0.0000 0.0000 1.0000 0.0000 0.0000 0.0000
-8.2000 -59.0575 0.0000 0.0000 1.0000 0.0000 0.0000 0.0000
-8.1000 -55.5656 0.0000 0.0000 1.0000 0.0000 0.0000 0.0000
-8.0000 -52.1999 0.0000 0.0000 1.0000 0.0000 0.0000 0.0000
-7.9000 -48.9582 0.0000 0.0000 1.0000 0.0000 0.0000 0.0000
-7.8000 -45.8383 0.0000 0.0000 1.0000 0.0000 0.0000 0.0000
-7.7000 -42.8380 0.0000 0.0000 1.0000 0.0000 0.0000 0.0000
-7.6000 -39.9551 0.0000 0.0000 1.0000 0.0000 0.0000 0.0000
-7.5000 -37.1874 0.0000 0.0000 1.0000 0.0000 0.0000 0.0000
-7.4000 -34.5328 0.0000 0.0000 1.0000 0.0000 0.0000 0.0000
-7.3000 -31.9889 0.0000 0.0000 1.0000 0.0000 0.0000 0.0000
-7.2000 -29.5536 0.0000 0.0000 1.0000 0.0000 0.0000 0.0000
-7.1000 -27.2247 0.0000 0.0000 1.0000 0.0000 0.0000 0.0000
-7.0000 -25.0000 0.0000 0.0000 1.0000 0.0000 0.0000 0.0000
-6.9000 -22.8773 0.0000 0.0000 1.0000 0.0000 0.0000 0.0000
-6.8000 -20.8544 0.0000 0.0000 1.0000 0.0000 0.0000 0.0000
-6.7000 -18.9291 0.0000 0.0000 1.0000 0.0000 0.0000 0.0000
-6.6000 -17.0992 0.0000 0.0000 1.0000 0.0000 0.0000 0.0000
-6.5000 -15.3625 0.0000 0.0000 1.0000 0.0000 0.0000 0.0000
-6.4000 -13.7168 0.0000 0.0000 1.0000 0.0000 0.0000 0.0000
-6.3000 -12.1599 0.0000 0.0000 1.0000 0.0000 0.0000 0.0000
-6.2000 -10.6896 0.0000 0.0000 1.0000 0.0000 0.0000 0.0000
-6.1000 -9.3037 0.0000 0.0000 1.0000 0.0000 0.0000 0.0000
-6.0000 -8.0000 0.0000 0.0000 1.0000 0.0000 0.0000 0.0000
-5.9000 -6.7763 0.0000 0.0000 1.0000 0.0000 0.0000 0.0000
-5.8000 -5.6304 0.0000 0.0000 1.0000 0.0000 0.0000 0.0000
-5.7000 -4.5601 0.0000 0.0000 1.0000 0.0000 0.0000 0.0000
-5.6000 -3.5632 0.0000 0.0000 1.0000 0.0000 0.0000 0.0000
-5.5000 -2.6375 0.0000 0.0000 1.0000 0.0000 0.0000 0.0000
-5.4000 -1.7808 0.0000 0.0000 1.0000 0.0000 0.0000 0.0000
-5.3000 -0.9909 0.0000 0.0000 1.0000 0.0000 0.0000 0.0000
-5.2000 -0.2656 0.0000 0.0000 1.0000 0.0000 0.0000 0.0000
-5.1000 0.3973 0.0000 0.0000 1.0000 0.0000 0.0000 0.0000
-5.0000 1.0000 0.0000 0.0000 1.0000 0.0000 0.0000 0.0000
-4.9000 1.5447 0.0000 0.0000 1.0000 0.0000 0.0000 0.0000
-4.8000 2.0336 0.0000 0.0000 1.0000 0.0000 0.0000 0.0000
-4.7000 2.4689 0.0000 0.0000 1.0000 0.0000 0.0000 0.0000
-4.6000 2.8528 0.0000 0.0000 1.0000 0.0000 0.0000 0.0000
-4.5000 3.1875 0.0000 0.0000 1.0000 0.0000 0.0000 0.0000
-4.4000 3.4752 0.0000 0.0000 1.0000 0.0000 0.0000 0.0000
-4.3000 3.7181 0.0000 0.0000 1.0000 0.0000 0.0000 0.0000
-4.2000 3.9184 0.0000 0.0000 1.0000 0.0000 0.0000 0.0000
-4.1000 4.0783 0.0000 0.0000 1.0000 0.0000 0.0000 0.0000
-4.0000 4.2000 0.0000 0.0000 1.0000 0.0000 0.0000 0.0000
-3.9000 4.2857 0.0000 0.0000 1.0000 0.0000 0.0000 0.0000
-3.8000 4.3376 0.0000 0.0000 1.0000 0.0000 0.0000 0.0000
-3.7000 4.3579 0.0000 1.0000 0.0000 0.0000 0.0000 0.0000
-3.6000 4.3488 0.0000 1.0000 0.0000 0.0000 0.0000 0.0000
-3.5000 4.3125 0.0000 1.0000 0.0000 0.0000 0.0000 0.0000
-3.4000 4.2512 0.0000 1.0000 0.0000 0.0000 0.0000 0.0000
-3.3000 4.1671 0.0000 1.0000 0.0000 0.0000 0.0000 0.0000
-3.2000 4.0624 0.0000 1.0000 0.0000 0.0000 0.0000 0.0000
-3.1000 3.9393 0.0000 1.0000 0.0000 0.0000 0.0000 0.0000
-3.0000 3.8000 0.0000 1.0000 0.0000 0.0000 0.0000 0.0000
-2.9000 3.6467 0.0000 1.0000 0.0000 0.0000 0.0000 0.0000
-2.8000 3.4816 0.0000 1.0000 0.0000 0.0000 0.0000 0.0000
-2.7000 3.3069 0.0000 1.0000 0.0000 0.0000 0.0000 0.0000
-2.6000 3.1248 0.0000 1.0000 0.0000 0.0000 0.0000 0.0000
-2.5000 2.9375 0.0000 1.0000 0.0000 0.0000 0.0000 0.0000
-2.4000 2.7472 0.0000 1.0000 0.0000 0.0000 0.0000 0.0000
-2.3000 2.5561 0.0000 1.0000 0.0000 0.0000 0.0000 0.0000
-2.2000 2.3664 0.0000 1.0000 0.0000 0.0000 0.0000 0.0000
-2.1000 2.1803 0.0000 1.0000 0.0000 0.0000 0.0000 0.0000
-2.0000 2.0000 0.0000 1.0000 0.0000 0.0000 0.0000 0.0000
-1.9000 1.8277 0.0000 1.0000 0.0000 0.0000 0.0000 0.0000
-1.8000 1.6656 0.0000 1.0000 0.0000 0.0000 0.0000 0.0000
-1.7000 1.5159 0.0000 1.0000 0.0000 0.0000 0.0000 0.0000
-1.6000 1.3808 0.0000 1.0000 0.0000 0.0000 0.0000 0.0000
-1.5000 1.2625 0.0000 1.0000 0.0000 0.0000 0.0000 0.0000
-1.4000 1.1632 0.0000 1.0000 0.0000 0.0000 0.0000 0.0000
-1.3000 1.0851 0.0000 1.0000 0.0000 0.0000 0.0000 0.0000
-1.2000 1.0304 0.0000 1.0000 0.0000 0.0000 0.0000 0.0000
-1.1000 1.0013 0.0000 1.0000 0.0000 0.0000 0.0000 0.0000
-1.0000 1.0000 0.0000 0.0000 1.0000 0.0000 0.0000 0.0000
-0.9000 1.0287 0.0000 0.0000 1.0000 0.0000 0.0000 0.0000
-0.8000 1.0896 0.0000 0.0000 1.0000 0.0000 0.0000 0.0000
-0.7000 1.1849 0.0000 0.0000 1.0000 0.0000 0.0000 0.0000
-0.6000 1.3168 0.0000 0.0000 1.0000 0.0000 0.0000 0.0000
-0.5000 1.4875 0.0000 0.0000 1.0000 0.0000 0.0000 0.0000
-0.4000 1.6992 0.0000 0.0000 1.0000 0.0000 0.0000 0.0000
-0.3000 1.9541 0.0000 0.0000 1.0000 0.0000 0.0000 0.0000
-0.2000 2.2544 0.0000 0.0000 1.0000 0.0000 0.0000 0.0000
-0.1000 2.6023 0.0000 0.0000 1.0000 0.0000 0.0000 0.0000
-0.0000 3.0000 0.0000 0.0000 1.0000 0.0000 0.0000 0.0000
0.1000 3.4497 0.0000 0.0000 1.0000 0.0000 0.0000 0.0000
0.2000 3.9536 0.0000 0.0000 1.0000 0.0000 0.0000 0.0000
0.3000 4.5139 0.0000 0.0000 1.0000 0.0000 0.0000 0.0000
0.4000 5.1328 0.0000 0.0000 1.0000 0.0000 0.0000 0.0000
0.5000 5.8125 0.0000 0.0000 1.0000 0.0000 0.0000 0.0000
0.6000 6.5552 0.0000 0.0000 1.0000 0.0000 0.0000 0.0000
0.7000 7.3631 0.0000 0.0000 1.0000 0.0000 0.0000 0.0000
0.8000 8.2384 0.0000 0.0000 1.0000 0.0000 0.0000 0.0000
0.9000 9.1833 0.0000 0.0000 1.0000 0.0000 0.0000 0.0000
1.0000 10.2000 0.0000 0.0000 1.0000 0.0000 0.0000 0.0000
1.1000 11.2907 0.0000 0.0000 1.0000 0.0000 0.0000 0.0000
1.2000 12.4576 0.0000 0.0000 1.0000 0.0000 0.0000 0.0000
1.3000 13.7029 0.0000 0.0000 1.0000 0.0000 0.0000 0.0000
1.4000 15.0288 0.0000 0.0000 1.0000 0.0000 0.0000 0.0000
1.5000 16.4375 0.0000 0.0000 1.0000 0.0000 0.0000 0.0000
1.6000 17.9312 0.0000 0.0000 1.0000 0.0000 0.0000 0.0000
1.7000 19.5121 0.0000 0.0000 1.0000 0.0000 0.0000 0.0000
1.8000 21.1824 0.0000 0.0000 1.0000 0.0000 0.0000 0.0000
1.9000 22.9443 0.0000 0.0000 1.0000 0.0000 0.0000 0.0000
2.0000 24.8000 0.0000 0.0000 1.0000 0.0000 0.0000 0.0000
2.1000 26.7516 0.0000 0.0000 1.0000 0.0000 0.0000 0.0000
2.2000 28.8015 0.0000 0.0000 1.0000 0.0000 0.0000 0.0000
2.3000 30.9518 0.0000 0.0000 1.0000 0.0000 0.0000 0.0000
2.4000 33.2047 0.0000 0.0000 1.0000 0.0000 0.0000 0.0000
2.5000 35.5624 0.0000 0.0000 1.0000 0.0000 0.0000 0.0000
2.6000 38.0271 0.0000 0.0000 1.0000 0.0000 0.0000 0.0000
2.7000 40.6010 0.0000 0.0000 1.0000 0.0000 0.0000 0.0000
2.8000 43.2863 0.0000 0.0000 1.0000 0.0000 0.0000 0.0000
2.9000 46.0852 0.0000 0.0000 1.0000 0.0000 0.0000 0.0000
3.0000 48.9999 0.0000 0.0000 1.0000 0.0000 0.0000 0.0000
3.1000 52.0326 0.0000 0.0000 1.0000 0.0000 0.0000 0.0000
3.2000 55.1855 0.0000 0.0000 1.0000 0.0000 0.0000 0.0000
3.3000 58.4608 0.0000 0.0000 1.0000 0.0000 0.0000 0.0000
3.4000 61.8607 0.0000 0.0000 1.0000 0.0000 0.0000 0.0000
3.5000 65.3874 0.0000 0.0000 1.0000 0.0000 0.0000 0.0000
3.6000 69.0431 0.0000 0.0000 1.0000 0.0000 0.0000 0.0000
3.7000 72.8300 0.0000 0.0000 1.0000 0.0000 0.0000 0.0000
3.8000 76.7504 0.0000 0.0000 1.0000 0.0000 0.0000 0.0000
3.9000 80.8063 0.0000 0.0000 1.0000 0.0000 0.0000 0.0000
4.0000 85.0000 0.0000 0.0000 1.0000 0.0000 0.0000 0.0000
4.1000 89.3337 0.0000 0.0000 1.0000 0.0000 0.0000 0.0000
4.2000 93.8096 0.0000 0.0000 1.0000 0.0000 0.0000 0.0000
4.3000 98.4299 0.0000 0.0000 1.0000 0.0000 0.0000 0.0000
4.4000 103.1969 0.0000 0.0000 1.0000 0.0000 0.0000 0.0000
4.5000 108.1126 0.0000 0.0000 1.0000 0.0000 0.0000 0.0000
4.6000 113.1793 0.0000 0.0000 1.0000 0.0000 0.0000 0.0000
4.7000 118.3992 0.0000 0.0000 1.0000 0.0000 0.0000 0.0000
4.8000 123.7746 0.0000 0.0000 1.0000 0.0000 0.0000 0.0000
4.9000 129.3075 0.0000 0.0000 1.0000 0.0000 0.0000 0.0000
5.0000 135.0002 0.0000 0.0000 1.0000 0.0000 0.0000 0.0000
5.1000 140.8549 0.0000 0.0000 1.0000 0.0000 0.0000 0.0000
5.2000 146.8739 0.0000 0.0000 1.0000 0.0000 0.0000 0.0000
5.3000 153.0592 0.0000 0.0000 1.0000 0.0000 0.0000 0.0000
5.4000 159.4131 0.0000 0.0000 1.0000 0.0000 0.0000 0.0000
5.5000 165.9379 0.0000 0.0000 1.0000 0.0000 0.0000 0.0000
5.6000 172.6356 0.0000 0.0000 1.0000 0.0000 0.0000 0.0000
5.7000 179.5085 0.0000 0.0000 1.0000 0.0000 0.0000 0.0000
5.8000 186.5589 0.0000 0.0000 1.0000 0.0000 0.0000 0.0000
5.9000 193.7888 0.0000 0.0000 1.0000 0.0000 0.0000 0.0000
6.0000 201.2006 0.0000 0.0000 1.0000 0.0000 0.0000 0.0000
6.1000 208.7963 0.0000 0.0000 1.0000 0.0000 0.0000 0.0000
6.2000 216.5783 0.0000 0.0000 1.0000 0.0000 0.0000 0.0000
6.3000 224.5486 0.0000 0.0000 1.0000 0.0000 0.0000 0.0000
6.4000 232.7095 0.0000 0.0000 1.0000 0.0000 0.0000 0.0000
6.5000 241.0633 0.0000 0.0000 1.0000 0.0000 0.0000 0.0000
6.6000 249.6121 0.0000 0.0000 1.0000 0.0000 0.0000 0.0000
6.7000 258.3580 0.0000 0.0000 1.0000 0.0000 0.0000 0.0000
6.8000 267.3034 0.0000 0.0000 1.0000 0.0000 0.0000 0.0000
6.9000 276.4503 0.0000 0.0000 1.0000 0.0000 0.0000 0.0000
7.0000 285.8011 0.0000 0.0000 1.0000 0.0000 0.0000 0.0000
7.1000 295.3578 0.0000 0.0000 1.0000 0.0000 0.0000 0.0000
7.2000 305.1228 0.0000 0.0000 1.0000 0.0000 0.0000 0.0000
7.3000 315.0982 0.0000 0.0000 1.0000 0.0000 0.0000 0.0000
7.4000 325.2861 0.0000 0.0000 1.0000 0.0000 0.0000 0.0000
7.5000 335.6889 0.0000 0.0000 1.0000 0.0000 0.0000 0.0000
7.6000 346.3087 0.0000 0.0000 1.0000 0.0000 0.0000 0.0000
7.7000 357.1476 0.0000 0.0000 1.0000 0.0000 0.0000 0.0000
7.8000 368.2080 0.0000 0.0000 1.0000 0.0000 0.0000 0.0000
7.9000 379.4920 0.0000 0.0000 1.0000 0.0000 0.0000 0.0000
8.0000 391.0018 0.0000 0.0000 1.0000 0.0000 0.0000 0.0000
8.1000 402.7396 0.0000 0.0000 1.0000 0.0000 0.0000 0.0000
8.2000 414.7076 0.0000 0.0000 1.0000 0.0000 0.0000 0.0000
8.3000 426.9079 0.0000 0.0000 1.0000 0.0000 0.0000 0.0000
8.4000 439.3429 0.0000 0.0000 1.0000 0.0000 0.0000 0.0000
8.5000 452.0147 0.0000 0.0000 1.0000 0.0000 0.0000 0.0000
8.6000 464.9255 0.0000 0.0000 1.0000 0.0000 0.0000 0.0000
8.7000 478.0775 0.0000 0.0000 1.0000 0.0000 0.0000 0.0000
8.8000 491.4729 0.0000 0.0000 1.0000 0.0000 0.0000 0.0000
8.9000 505.1139 0.0000 0.0000 1.0000 0.0000 0.0000 0.0000
9.0000 519.0027 0.0000 0.0000 1.0000 0.0000 0.0000 0.0000
9.1000 533.1415 0.0000 0.0000 1.0000 0.0000 0.0000 0.0000
9.2000 547.5325 0.0000 0.0000 1.0000 0.0000 0.0000 0.0000
9.3000 562.1779 0.0000 0.0000 1.0000 0.0000 0.0000 0.0000
9.4000 577.0799 0.0000 0.0000 1.0000 0.0000 0.0000 0.0000
9.5000 592.2407 0.0000 0.0000 1.0000 0.0000 0.0000 0.0000
9.6000 607.6625 0.0000 0.0000 1.0000 0.0000 0.0000 0.0000
9.7000 623.3475 0.0000 0.0000 1.0000 0.0000 0.0000 0.0000
9.8000 639.2980 0.0000 0.0000 1.0000 0.0000 0.0000 0.0000
9.9000 655.5160 0.0000 0.0000 1.0000 0.0000 0.0000 0.0000
10.0000 672.0038 0.0000 0.0000 1.0000 0.0000 0.0000 0.0000
10.1000 688.7636 0.0000 0.0000 1.0000 0.0000 0.0000 0.0000
10.2000 705.7977 0.0000 0.0000 1.0000 0.0000 0.0000 0.0000
10.3000 723.1081 0.0000 0.0000 1.0000 0.0000 0.0000 0.0000
10.4000 740.6971 0.0000 0.0000 1.0000 0.0000 0.0000 0.0000
10.5000 758.5670 0.0000 0.0000 1.0000 0.0000 0.0000 0.0000
10.6000 776.7198 0.0000 0.0000 1.0000 0.0000 0.0000 0.0000
10.7000 795.1578 0.0000 0.0000 1.0000 0.0000 0.0000 0.0000
10.8000 813.8833 0.0000 0.0000 1.0000 0.0000 0.0000 0.0000
10.9000 832.8984 0.0000 0.0000 1.0000 0.0000 0.0000 0.0000
11.0000 852.2052 0.0000 0.0000 1.0000 0.0000 0.0000 0.0000
11.1000 871.8060 0.0000 0.0000 1.0000 0.0000 0.0000 0.0000
11.2000 891.7031 0.0000 0.0000 1.0000 0.0000 0.0000 0.0000
11.3000 911.8986 0.0000 0.0000 1.0000 0.0000 0.0000 0.0000
11.4000 932.3947 0.0000 0.0000 1.0000 0.0000 0.0000 0.0000
11.5000 953.1935 0.0000 0.0000 1.0000 0.0000 0.0000 0.0000
11.6000 974.2974 0.0000 0.0000 1.0000 0.0000 0.0000 0.0000
11.7000 995.7084 0.0000 0.0000 1.0000 0.0000 0.0000 0.0000
11.8000 1017.4289 0.0000 0.0000 1.0000 0.0000 0.0000 0.0000
11.9000 1039.4609 0.0000 0.0000 1.0000 0.0000 0.0000 0.0000
12.0000 1061.8069 0.0000 0.0000 1.0000 0.0000 0.0000 0.0000
12.1000 1084.4688 0.0000 0.0000 1.0000 0.0000 0.0000 0.0000
12.2000 1107.4489 0.0000 0.0000 1.0000 0.0000 0.0000 0.0000
12.3000 1130.7494 0.0000 0.0000 1.0000 0.0000 0.0000 0.0000
12.4000 1154.3724 0.0000 0.0000 1.0000 0.0000 0.0000 0.0000
12.5000 1178.3203 0.0000 0.0000 1.0000 0.0000 0.0000 0.0000
12.6000 1202.5952 0.0000 0.0000 1.0000 0.0000 0.0000 0.0000
12.7000 1227.1993 0.0000 0.0000 1.0000 0.0000 0.0000 0.0000
12.8000 1252.1349 0.0000 0.0000 1.0000 0.0000 0.0000 0.0000
12.9000 1277.4039 0.0000 0.0000 1.0000 0.0000 0.0000 0.0000
13.0000 1303.0089 0.0000 0.0000 1.0000 0.0000 0.0000 0.0000
13.1000 1328.9518 0.0000 0.0000 1.0000 0.0000 0.0000 0.0000
13.2000 1355.2349 0.0000 0.0000 1.0000 0.0000 0.0000 0.0000
13.3000 1381.8605 0.0000 0.0000 1.0000 0.0000 0.0000 0.0000
13.4000 1408.8306 0.0000 0.0000 1.0000 0.0000 0.0000 0.0000
13.5000 1436.1475 0.0000 0.0000 1.0000 0.0000 0.0000 0.0000
13.6000 1463.8134 0.0000 0.0000 1.0000 0.0000 0.0000 0.0000
13.7000 1491.8306 0.0000 0.0000 1.0000 0.0000 0.0000 0.0000
13.8000 1520.2010 0.0000 0.0000 1.0000 0.0000 0.0000 0.0000
13.9000 1548.9272 0.0000 0.0000 1.0000 0.0000 0.0000 0.0000
14.0000 1578.0112 0.0000 0.0000 1.0000 0.0000 0.0000 0.0000
14.1000 1607.4551 0.0000 0.0000 1.0000 0.0000 0.0000 0.0000
14.2000 1637.2612 0.0000 0.0000 1.0000 0.0000 0.0000 0.0000
14.3000 1667.4319 0.0000 0.0000 1.0000 0.0000 0.0000 0.0000
14.4000 1697.9690 0.0000 0.0000 1.0000 0.0000 0.0000 0.0000
14.5000 1728.8750 0.0000 0.0000 1.0000 0.0000 0.0000 0.0000
14.6000 1760.1520 0.0000 0.0000 1.0000 0.0000 0.0000 0.0000
14.7000 1791.8021 0.0000 0.0000 1.0000 0.0000 0.0000 0.0000
14.8000 1823.8276 0.0000 0.0000 1.0000 0.0000 0.0000 0.0000
14.9000 1856.2308 0.0000 0.0000 1.0000 0.0000 0.0000 0.0000
15.0000 1889.0139 0.0000 0.0000 0.0000 0.0000 0.0000 0.0000
