301 points
-15.0000 5.3600 0.0000 1.0000 1.0000 1.0000 0.0000 0.0000
-14.9000 5.2803 0.0000 1.0000 1.0000 1.0000 0.0000 0.0000
-14.8000 5.2012 0.0000 1.0000 1.0000 1.0000 0.0000 0.0000
-14.7000 5.1227 0.0000 1.0000 1.0000 1.0000 0.0000 0.0000
-14.6000 5.0448 0.0000 1.0000 1.0000 1.0000 0.0000 0.0000
-14.5000 4.9675 0.0000 1.0000 1.0000 1.0000 0.0000 0.0000
-14.4000 4.8908 0.0000 1.0000 1.0000 1.0000 0.0000 0.0000
-14.3000 4.8147 0.0000 1.0000 1.0000 1.0000 0.0000 0.0000
-14.2000 4.7392 0.0000 1.0000 1.0000 1.0000 0.0000 0.0000
-14.1000 4.6643 0.0000 1.0000 1.0000 1.0000 0.0000 0.0000
-14.0000 4.5900 0.0000 1.0000 1.0000 1.0000 0.0000 0.0000
-13.9000 4.5163 0.0000 1.0000 1.0000 1.0000 0.0000 0.0000
-13.8000 4.4432 0.0000 1.0000 1.0000 1.0000 0.0000 0.0000
-13.7000 4.3707 0.0000 1.0000 1.0000 1.0000 0.0000 0.0000
-13.6000 4.2988 0.0000 1.0000 1.0000 1.0000 0.0000 0.0000
-13.5000 4.2275 0.0000 1.0000 1.0000 1.0000 0.0000 0.0000
-13.4000 4.1568 0.0000 1.0000 1.0000 1.0000 0.0000 0.0000
-13.3000 4.0867 0.0000 1.0000 1.0000 1.0000 0.0000 0.0000
-13.2000 4.0172 0.0000 1.0000 1.0000 1.0000 0.0000 0.0000
-13.1000 3.9483 0.0000 1.0000 1.0000 1.0000 0.0000 0.0000
-13.0000 3.8800 0.0000 1.0000 1.0000 1.0000 0.0000 0.0000
-12.9000 3.8123 0.0000 1.0000 1.0000 1.0000 0.0000 0.0000
-12.8000 3.7452 0.0000 1.0000 1.0000 1.0000 0.0000 0.0000
-12.7000 3.6787 0.0000 1.0000 1.0000 1.0000 0.0000 0.0000
-12.6000 3.6128 0.0000 1.0000 1.0000 1.0000 0.0000 0.0000
-12.5000 3.5475 0.0000 1.0000 1.0000 1.0000 0.0000 0.0000
-12.4000 3.4828 0.0000 1.0000 1.0000 1.0000 0.0000 0.0000
-12.3000 3.4187 0.0000 1.0000 1.0000 1.0000 0.0000 0.0000
-12.2000 3.3552 0.0000 1.0000 1.0000 1.0000 0.0000 0.0000
-12.1000 3.2923 0.0000 1.0000 1.0000 1.0000 0.0000 0.0000
-12.0000 3.2300 0.0000 1.0000 1.0000 1.0000 0.0000 0.0000
-11.9000 3.1683 0.0000 1.0000 1.0000 1.0000 0.0000 0.0000
-11.8000 3.1072 0.0000 1.0000 1.0000 1.0000 0.0000 0.0000
-11.7000 3.0467 0.0000 1.0000 1.0000 1.0000 0.0000 0.0000
-11.6000 2.9868 0.0000 1.0000 1.0000 1.0000 0.0000 0.0000
-11.5000 2.9275 0.0000 1.0000 1.0000 1.0000 0.0000 0.0000
-11.4000 2.8688 0.0000 1.0000 1.0000 1.0000 0.0000 0.0000
-11.3000 2.8107 0.0000 1.0000 1.0000 1.0000 0.0000 0.0000
-11.2000 2.7532 0.0000 1.0000 1.0000 1.0000 0.0000 0.0000
-11.1000 2.6963 0.0000 1.0000 1.0000 1.0000 0.0000 0.0000
-11.0000 2.6400 0.0000 1.0000 1.0000 1.0000 0.0000 0.0000
-10.9000 2.5843 0.0000 1.0000 1.0000 1.0000 0.0000 0.0000
-10.8000 2.5292 0.0000 1.0000 1.0000 1.0000 0.0000 0.0000
-10.7000 2.4747 0.0000 1.0000 1.0000 1.0000 0.0000 0.0000
-10.6000 2.4208 0.0000 1.0000 1.0000 1.0000 0.0000 0.0000
-10.5000 2.3675 0.0000 1.0000 1.0000 1.0000 0.0000 0.0000
-10.4000 2.3148 0.0000 1.0000 1.0000 1.0000 0.0000 0.0000
-10.3000 2.2627 0.0000 1.0000 1.0000 1.0000 0.0000 0.0000
-10.2000 2.2112 0.0000 1.0000 1.0000 1.0000 0.0000 0.0000
-10.1000 2.1603 0.0000 1.0000 1.0000 1.0000 0.0000 0.0000
-10.0000 2.1100 0.0000 1.0000 1.0000 1.0000 0.0000 0.0000
-9.9000 2.0603 0.0000 1.0000 1.0000 1.0000 0.0000 0.0000
-9.8000 2.0112 0.0000 1.0000 1.0000 1.0000 0.0000 0.0000
-9.7000 1.9627 0.0000 1.0000 1.0000 1.0000 0.0000 0.0000
-9.6000 1.9148 0.0000 1.0000 1.0000 1.0000 0.0000 0.0000
-9.5000 1.8675 0.0000 1.0000 1.0000 1.0000 0.0000 0.0000
-9.4000 1.8208 0.0000 1.0000 1.0000 1.0000 0.0000 0.0000
-9.3000 1.7747 0.0000 1.0000 1.0000 1.0000 0.0000 0.0000
-9.2000 1.7292 0.0000 1.0000 1.0000 1.0000 0.0000 0.0000
-9.1000 1.6843 0.0000 1.0000 1.0000 1.0000 0.0000 0.0000
-9.0000 1.6400 0.0000 1.0000 1.0000 1.0000 0.0000 0.0000
-8.9000 1.5963 0.0000 1.0000 1.0000 1.0000 0.0000 0.0000
-8.8000 1.5532 0.0000 1.0000 1.0000 1.0000 0.0000 0.0000
-8.7000 1.5107 0.0000 1.0000 1.0000 1.0000 0.0000 0.0000
-8.6000 1.4688 0.0000 1.0000 1.0000 1.0000 0.0000 0.0000
-8.5000 1.4275 0.0000 1.0000 1.0000 1.0000 0.0000 0.0000
-8.4000 1.3868 0.0000 1.0000 1.0000 1.0000 0.0000 0.0000
-8.3000 1.3467 0.0000 1.0000 1.0000 1.0000 0.0000 0.0000
-8.2000 1.3072 0.0000 1.0000 1.0000 1.0000 0.0000 0.0000
-8.1000 1.2683 0.0000 1.0000 1.0000 1.0000 0.0000 0.0000
-8.0000 1.2300 0.0000 1.0000 1.0000 1.0000 0.0000 0.0000
-7.9000 1.1923 0.0000 1.0000 1.0000 1.0000 0.0000 0.0000
-7.8000 1.1552 0.0000 1.0000 1.0000 1.0000 0.0000 0.0000
-7.7000 1.1187 0.0000 1.0000 1.0000 1.0000 0.0000 0.0000
-7.6000 1.0828 0.0000 1.0000 1.0000 1.0000 0.0000 0.0000
-7.5000 1.0475 0.0000 1.0000 1.0000 1.0000 0.0000 0.0000
-7.4000 1.0128 0.0000 1.0000 1.0000 1.0000 0.0000 0.0000
-7.3000 0.9787 0.0000 1.0000 1.0000 1.0000 0.0000 0.0000
-7.2000 0.9452 0.0000 1.0000 1.0000 1.0000 0.0000 0.0000
-7.1000 0.9123 0.0000 1.0000 1.0000 1.0000 0.0000 0.0000
-7.0000 0.8800 0.0000 1.0000 1.0000 1.0000 0.0000 0.0000
-6.9000 0.8483 0.0000 1.0000 1.0000 1.0000 0.0000 0.0000
-6.8000 0.8172 0.0000 1.0000 1.0000 1.0000 0.0000 0.0000
-6.7000 0.7867 0.0000 1.0000 1.0000 1.0000 0.0000 0.0000
-6.6000 0.7568 0.0000 1.0000 1.0000 1.0000 0.0000 0.0000
-6.5000 0.7275 0.0000 1.0000 1.0000 1.0000 0.0000 0.0000
-6.4000 0.6988 0.0000 1.0000 1.0000 1.0000 0.0000 0.0000
-6.3000 0.6707 0.0000 1.0000 1.0000 1.0000 0.0000 0.0000
-6.2000 0.6432 0.0000 1.0000 1.0000 1.0000 0.0000 0.0000
-6.1000 0.6163 0.0000 1.0000 1.0000 1.0000 0.0000 0.0000
-6.0000 0.5900 0.0000 1.0000 1.0000 1.0000 0.0000 0.0000
-5.9000 0.5643 0.0000 1.0000 1.0000 1.0000 0.0000 0.0000
-5.8000 0.5392 0.0000 1.0000 1.0000 1.0000 0.0000 0.0000
-5.7000 0.5147 0.0000 1.0000 1.0000 1.0000 0.0000 0.0000
-5.6000 0.4908 0.0000 1.0000 1.0000 1.0000 0.0000 0.0000
-5.5000 0.4675 0.0000 1.0000 1.0000 1.0000 0.0000 0.0000
-5.4000 0.4448 0.0000 1.0000 1.0000 1.0000 0.0000 0.0000
-5.3000 0.4227 0.0000 1.0000 1.0000 1.0000 0.0000 0.0000
-5.2000 0.4012 0.0000 1.0000 1.0000 1.0000 0.0000 0.0000
-5.1000 0.3803 0.0000 1.0000 1.0000 1.0000 0.0000 0.0000
-5.0000 0.3600 0.0000 1.0000 1.0000 1.0000 0.0000 0.0000
-4.9000 0.3403 0.0000 1.0000 1.0000 1.0000 0.0000 0.0000
-4.8000 0.3212 0.0000 1.0000 1.0000 1.0000 0.0000 0.0000
-4.7000 0.3027 0.0000 1.0000 1.0000 1.0000 0.0000 0.0000
-4.6000 0.2848 0.0000 1.0000 1.0000 1.0000 0.0000 0.0000
-4.5000 0.2675 0.0000 1.0000 1.0000 1.0000 0.0000 0.0000
-4.4000 0.2508 0.0000 1.0000 1.0000 1.0000 0.0000 0.0000
-4.3000 0.2347 0.0000 1.0000 1.0000 1.0000 0.0000 0.0000
-4.2000 0.2192 0.0000 1.0000 1.0000 1.0000 0.0000 0.0000
-4.1000 0.2043 0.0000 1.0000 1.0000 1.0000 0.0000 0.0000
-4.0000 0.1900 0.0000 1.0000 1.0000 1.0000 0.0000 0.0000
-3.9000 0.1763 0.0000 1.0000 1.0000 1.0000 0.0000 0.0000
-3.8000 0.1632 0.0000 1.0000 1.0000 1.0000 0.0000 0.0000
-3.7000 0.1507 0.0000 1.0000 1.0000 1.0000 0.0000 0.0000
-3.6000 0.1388 0.0000 1.0000 1.0000 1.0000 0.0000 0.0000
-3.5000 0.1275 0.0000 1.0000 1.0000 1.0000 0.0000 0.0000
-3.4000 0.1168 0.0000 1.0000 1.0000 1.0000 0.0000 0.0000
-3.3000 0.1067 0.0000 1.0000 1.0000 1.0000 0.0000 0.0000
-3.2000 0.0972 0.0000 1.0000 1.0000 1.0000 0.0000 0.0000
-3.1000 0.0883 0.0000 1.0000 1.0000 1.0000 0.0000 0.0000
-3.0000 0.0800 0.0000 1.0000 1.0000 1.0000 0.0000 0.0000
-2.9000 0.0723 0.0000 1.0000 1.0000 1.0000 0.0000 0.0000
-2.8000 0.0652 0.0000 1.0000 1.0000 1.0000 0.0000 0.0000
-2.7000 0.0587 0.0000 1.0000 1.0000 1.0000 0.0000 0.0000
-2.6000 0.0528 0.0000 1.0000 1.0000 1.0000 0.0000 0.0000
-2.5000 0.0475 0.0000 1.0000 1.0000 1.0000 0.0000 0.0000
-2.4000 0.0428 0.0000 1.0000 1.0000 1.0000 0.0000 0.0000
-2.3000 0.0387 0.0000 1.0000 1.0000 1.0000 0.0000 0.0000
-2.2000 0.0352 0.0000 1.0000 1.0000 1.0000 0.0000 0.0000
-2.1000 0.0323 0.0000 1.0000 1.0000 1.0000 0.0000 0.0000
-2.0000 0.0300 0.0000 1.0000 1.0000 1.0000 0.0000 0.0000
-1.9000 0.0283 0.0000 1.0000 1.0000 1.0000 0.0000 0.0000
-1.8000 0.0272 0.0000 1.0000 1.0000 1.0000 0.0000 0.0000
-1.7000 0.0267 0.0000 1.0000 1.0000 1.0000 0.0000 0.0000
-1.6000 0.0268 0.0000 1.0000 1.0000 1.0000 0.0000 0.0000
-1.5000 0.0275 0.0000 1.0000 1.0000 1.0000 0.0000 0.0000
-1.4000 0.0288 0.0000 1.0000 1.0000 1.0000 0.0000 0.0000
-1.3000 0.0307 0.0000 1.0000 1.0000 1.0000 0.0000 0.0000
-1.2000 0.0332 0.0000 1.0000 1.0000 1.0000 0.0000 0.0000
-1.1000 0.0363 0.0000 1.0000 1.0000 1.0000 0.0000 0.0000
-1.0000 0.0400 0.0000 1.0000 1.0000 1.0000 0.0000 0.0000
-0.9000 0.0443 0.0000 1.0000 1.0000 1.0000 0.0000 0.0000
-0.8000 0.0492 0.0000 1.0000 1.0000 1.0000 0.0000 0.0000
-0.7000 0.0547 0.0000 1.0000 1.0000 1.0000 0.0000 0.0000
-0.6000 0.0608 0.0000 1.0000 1.0000 1.0000 0.0000 0.0000
-0.5000 0.0675 0.0000 1.0000 1.0000 1.0000 0.0000 0.0000
-0.4000 0.0748 0.0000 1.0000 1.0000 1.0000 0.0000 0.0000
-0.3000 0.0827 0.0000 1.0000 1.0000 1.0000 0.0000 0.0000
-0.2000 0.0912 0.0000 1.0000 1.0000 1.0000 0.0000 0.0000
-0.1000 0.1003 0.0000 1.0000 1.0000 1.0000 0.0000 0.0000
-0.0000 0.1100 0.0000 1.0000 1.0000 1.0000 0.0000 0.0000
0.1000 0.1203 0.0000 1.0000 1.0000 1.0000 0.0000 0.0000
0.2000 0.1312 0.0000 1.0000 1.0000 1.0000 0.0000 0.0000
0.3000 0.1427 0.0000 1.0000 1.0000 1.0000 0.0000 0.0000
0.4000 0.1548 0.0000 1.0000 1.0000 1.0000 0.0000 0.0000
0.5000 0.1675 0.0000 1.0000 1.0000 1.0000 0.0000 0.0000
0.6000 0.1808 0.0000 1.0000 1.0000 1.0000 0.0000 0.0000
0.7000 0.1947 0.0000 1.0000 1.0000 1.0000 0.0000 0.0000
0.8000 0.2092 0.0000 1.0000 1.0000 1.0000 0.0000 0.0000
0.9000 0.2243 0.0000 1.0000 1.0000 1.0000 0.0000 0.0000
1.0000 0.2400 0.0000 1.0000 1.0000 1.0000 0.0000 0.0000
1.1000 0.2563 0.0000 1.0000 1.0000 1.0000 0.0000 0.0000
1.2000 0.2732 0.0000 1.0000 1.0000 1.0000 0.0000 0.0000
1.3000 0.2907 0.0000 1.0000 1.0000 1.0000 0.0000 0.0000
1.4000 0.3088 0.0000 1.0000 1.0000 1.0000 0.0000 0.0000
1.5000 0.3275 0.0000 1.0000 1.0000 1.0000 0.0000 0.0000
1.6000 0.3468 0.0000 1.0000 1.0000 1.0000 0.0000 0.0000
1.7000 0.3667 0.0000 1.0000 1.0000 1.0000 0.0000 0.0000
1.8000 0.3872 0.0000 1.0000 1.0000 1.0000 0.0000 0.0000
1.9000 0.4083 0.0000 1.0000 1.0000 1.0000 0.0000 0.0000
2.0000 0.4300 0.0000 1.0000 1.0000 1.0000 0.0000 0.0000
2.1000 0.4523 0.0000 1.0000 1.0000 1.0000 0.0000 0.0000
2.2000 0.4752 0.0000 1.0000 1.0000 1.0000 0.0000 0.0000
2.3000 0.4987 0.0000 1.0000 1.0000 1.0000 0.0000 0.0000
2.4000 0.5228 0.0000 1.0000 1.0000 1.0000 0.0000 0.0000
2.5000 0.5475 0.0000 1.0000 1.0000 1.0000 0.0000 0.0000
2.6000 0.5728 0.0000 1.0000 1.0000 1.0000 0.0000 0.0000
2.7000 0.5987 0.0000 1.0000 1.0000 1.0000 0.0000 0.0000
2.8000 0.6252 0.0000 1.0000 1.0000 1.0000 0.0000 0.0000
2.9000 0.6523 0.0000 1.0000 1.0000 1.0000 0.0000 0.0000
3.0000 0.6800 0.0000 1.0000 1.0000 1.0000 0.0000 0.0000
3.1000 0.7083 0.0000 1.0000 1.0000 1.0000 0.0000 0.0000
3.2000 0.7372 0.0000 1.0000 1.0000 1.0000 0.0000 0.0000
3.3000 0.7667 0.0000 1.0000 1.0000 1.0000 0.0000 0.0000
3.4000 0.7968 0.0000 1.0000 1.0000 1.0000 0.0000 0.0000
3.5000 0.8275 0.0000 1.0000 1.0000 1.0000 0.0000 0.0000
3.6000 0.8588 0.0000 1.0000 1.0000 1.0000 0.0000 0.0000
3.7000 0.8907 0.0000 1.0000 1.0000 1.0000 0.0000 0.0000
3.8000 0.9232 0.0000 1.0000 1.0000 1.0000 0.0000 0.0000
3.9000 0.9563 0.0000 1.0000 1.0000 1.0000 0.0000 0.0000
4.0000 0.9900 0.0000 1.0000 1.0000 1.0000 0.0000 0.0000
4.1000 1.0243 0.0000 1.0000 1.0000 1.0000 0.0000 0.0000
4.2000 1.0592 0.0000 1.0000 1.0000 1.0000 0.0000 0.0000
4.3000 1.0947 0.0000 1.0000 1.0000 1.0000 0.0000 0.0000
4.4000 1.1308 0.0000 1.0000 1.0000 1.0000 0.0000 0.0000
4.5000 1.1675 0.0000 1.0000 1.0000 1.0000 0.0000 0.0000
4.6000 1.2048 0.0000 1.0000 1.0000 1.0000 0.0000 0.0000
4.7000 1.2427 0.0000 1.0000 1.0000 1.0000 0.0000 0.0000
4.8000 1.2812 0.0000 1.0000 1.0000 1.0000 0.0000 0.0000
4.9000 1.3203 0.0000 1.0000 1.0000 1.0000 0.0000 0.0000
5.0000 1.3600 0.0000 1.0000 1.0000 1.0000 0.0000 0.0000
5.1000 1.4003 0.0000 1.0000 1.0000 1.0000 0.0000 0.0000
5.2000 1.4412 0.0000 1.0000 1.0000 1.0000 0.0000 0.0000
5.3000 1.4827 0.0000 1.0000 1.0000 1.0000 0.0000 0.0000
5.4000 1.5248 0.0000 1.0000 1.0000 1.0000 0.0000 0.0000
5.5000 1.5675 0.0000 1.0000 1.0000 1.0000 0.0000 0.0000
5.6000 1.6108 0.0000 1.0000 1.0000 1.0000 0.0000 0.0000
5.7000 1.6547 0.0000 1.0000 1.0000 1.0000 0.0000 0.0000
5.8000 1.6992 0.0000 1.0000 1.0000 1.0000 0.0000 0.0000
5.9000 1.7443 0.0000 1.0000 1.0000 1.0000 0.0000 0.0000
6.0000 1.7900 0.0000 1.0000 1.0000 1.0000 0.0000 0.0000
6.1000 1.8363 0.0000 1.0000 1.0000 1.0000 0.0000 0.0000
6.2000 1.8832 0.0000 1.0000 1.0000 1.0000 0.0000 0.0000
6.3000 1.9307 0.0000 1.0000 1.0000 1.0000 0.0000 0.0000
6.4000 1.9788 0.0000 1.0000 1.0000 1.0000 0.0000 0.0000
6.5000 2.0275 0.0000 1.0000 1.0000 1.0000 0.0000 0.0000
6.6000 2.0768 0.0000 1.0000 1.0000 1.0000 0.0000 0.0000
6.7000 2.1267 0.0000 1.0000 1.0000 1.0000 0.0000 0.0000
6.8000 2.1772 0.0000 1.0000 1.0000 1.0000 0.0000 0.0000
6.9000 2.2283 0.0000 1.0000 1.0000 1.0000 0.0000 0.0000
7.0000 2.2800 0.0000 1.0000 1.0000 1.0000 0.0000 0.0000
7.1000 2.3323 0.0000 1.0000 1.0000 1.0000 0.0000 0.0000
7.2000 2.3852 0.0000 1.0000 1.0000 1.0000 0.0000 0.0000
7.3000 2.4387 0.0000 1.0000 1.0000 1.0000 0.0000 0.0000
7.4000 2.4928 0.0000 1.0000 1.0000 1.0000 0.0000 0.0000
7.5000 2.5475 0.0000 1.0000 1.0000 1.0000 0.0000 0.0000
7.6000 2.6028 0.0000 1.0000 1.0000 1.0000 0.0000 0.0000
7.7000 2.6587 0.0000 1.0000 1.0000 1.0000 0.0000 0.0000
7.8000 2.7152 0.0000 1.0000 1.0000 1.0000 0.0000 0.0000
7.9000 2.7723 0.0000 1.0000 1.0000 1.0000 0.0000 0.0000
8.0000 2.8300 0.0000 1.0000 1.0000 1.0000 0.0000 0.0000
8.1000 2.8883 0.0000 1.0000 1.0000 1.0000 0.0000 0.0000
8.2000 2.9472 0.0000 1.0000 1.0000 1.0000 0.0000 0.0000
8.3000 3.0067 0.0000 1.0000 1.0000 1.0000 0.0000 0.0000
8.4000 3.0668 0.0000 1.0000 1.0000 1.0000 0.0000 0.0000
8.5000 3.1275 0.0000 1.0000 1.0000 1.0000 0.0000 0.0000
8.6000 3.1888 0.0000 1.0000 1.0000 1.0000 0.0000 0.0000
8.7000 3.2507 0.0000 1.0000 1.0000 1.0000 0.0000 0.0000
8.8000 3.3132 0.0000 1.0000 1.0000 1.0000 0.0000 0.0000
8.9000 3.3763 0.0000 1.0000 1.0000 1.0000 0.0000 0.0000
9.0000 3.4400 0.0000 1.0000 1.0000 1.0000 0.0000 0.0000
9.1000 3.5043 0.0000 1.0000 1.0000 1.0000 0.0000 0.0000
9.2000 3.5692 0.0000 1.0000 1.0000 1.0000 0.0000 0.0000
9.3000 3.6347 0.0000 1.0000 1.0000 1.0000 0.0000 0.0000
9.4000 3.7008 0.0000 1.0000 1.0000 1.0000 0.0000 0.0000
9.5000 3.7675 0.0000 1.0000 1.0000 1.0000 0.0000 0.0000
9.6000 3.8348 0.0000 1.0000 1.0000 1.0000 0.0000 0.0000
9.7000 3.9027 0.0000 1.0000 1.0000 1.0000 0.0000 0.0000
9.8000 3.9712 0.0000 1.0000 1.0000 1.0000 0.0000 0.0000
9.9000 4.0403 0.0000 1.0000 1.0000 1.0000 0.0000 0.0000
10.0000 4.1100 0.0000 1.0000 1.0000 1.0000 0.0000 0.0000
10.1000 4.1803 0.0000 1.0000 1.0000 1.0000 0.0000 0.0000
10.2000 4.2512 0.0000 1.0000 1.0000 1.0000 0.0000 0.0000
10.3000 4.3227 0.0000 1.0000 1.0000 1.0000 0.0000 0.0000
10.4000 4.3948 0.0000 1.0000 1.0000 1.0000 0.0000 0.0000
10.5000 4.4675 0.0000 1.0000 1.0000 1.0000 0.0000 0.0000
10.6000 4.5408 0.0000 1.0000 1.0000 1.0000 0.0000 0.0000
10.7000 4.6147 0.0000 1.0000 1.0000 1.0000 0.0000 0.0000
10.8000 4.6892 0.0000 1.0000 1.0000 1.0000 0.0000 0.0000
10.9000 4.7643 0.0000 1.0000 1.0000 1.0000 0.0000 0.0000
11.0000 4.8400 0.0000 1.0000 1.0000 1.0000 0.0000 0.0000
11.1000 4.9163 0.0000 1.0000 1.0000 1.0000 0.0000 0.0000
11.2000 4.9932 0.0000 1.0000 1.0000 1.0000 0.0000 0.0000
11.3000 5.0707 0.0000 1.0000 1.0000 1.0000 0.0000 0.0000
11.4000 5.1488 0.0000 1.0000 1.0000 1.0000 0.0000 0.0000
11.5000 5.2275 0.0000 1.0000 1.0000 1.0000 0.0000 0.0000
11.6000 5.3068 0.0000 1.0000 1.0000 1.0000 0.0000 0.0000
11.7000 5.3867 0.0000 1.0000 1.0000 1.0000 0.0000 0.0000
11.8000 5.4672 0.0000 1.0000 1.0000 1.0000 0.0000 0.0000
11.9000 5.5483 0.0000 1.0000 1.0000 1.0000 0.0000 0.0000
12.0000 5.6300 0.0000 1.0000 1.0000 1.0000 0.0000 0.0000
12.1000 5.7123 0.0000 1.0000 1.0000 1.0000 0.0000 0.0000
12.2000 5.7952 0.0000 1.0000 1.0000 1.0000 0.0000 0.0000
12.3000 5.8787 0.0000 1.0000 1.0000 1.0000 0.0000 0.0000
12.4000 5.9628 0.0000 1.0000 1.0000 1.0000 0.0000 0.0000
12.5000 6.0475 0.0000 1.0000 1.0000 1.0000 0.0000 0.0000
12.6000 6.1328 0.0000 1.0000 1.0000 1.0000 0.0000 0.0000
12.7000 6.2187 0.0000 1.0000 1.0000 1.0000 0.0000 0.0000
12.8000 6.3052 0.0000 1.0000 1.0000 1.0000 0.0000 0.0000
12.9000 6.3923 0.0000 1.0000 1.0000 1.0000 0.0000 0.0000
13.0000 6.4800 0.0000 1.0000 1.0000 1.0000 0.0000 0.0000
13.1000 6.5683 0.0000 1.0000 1.0000 1.0000 0.0000 0.0000
13.2000 6.6572 0.0000 1.0000 1.0000 1.0000 0.0000 0.0000
13.3000 6.7467 0.0000 1.0000 1.0000 1.0000 0.0000 0.0000
13.4000 6.8368 0.0000 1.0000 1.0000 1.0000 0.0000 0.0000
13.5000 6.9275 0.0000 1.0000 1.0000 1.0000 0.0000 0.0000
13.6000 7.0188 0.0000 1.0000 1.0000 1.0000 0.0000 0.0000
13.7000 7.1107 0.0000 1.0000 1.0000 1.0000 0.0000 0.0000
13.8000 7.2032 0.0000 1.0000 1.0000 1.0000 0.0000 0.0000
13.9000 7.2963 0.0000 1.0000 1.0000 1.0000 0.0000 0.0000
14.0000 7.3900 0.0000 1.0000 1.0000 1.0000 0.0000 0.0000
14.1000 7.4843 0.0000 1.0000 1.0000 1.0000 0.0000 0.0000
14.2000 7.5792 0.0000 1.0000 1.0000 1.0000 0.0000 0.0000
14.3000 7.6747 0.0000 1.0000 1.0000 1.0000 0.0000 0.0000
14.4000 7.7708 0.0000 1.0000 1.0000 1.0000 0.0000 0.0000
14.5000 7.8675 0.0000 1.0000 1.0000 1.0000 0.0000 0.0000
14.6000 7.9648 0.0000 1.0000 1.0000 1.0000 0.0000 0.0000
14.7000 8.0627 0.0000 1.0000 1.0000 1.0000 0.0000 0.0000
14.8000 8.1612 0.0000 1.0000 1.0000 1.0000 0.0000 0.0000
14.9000 8.2603 0.0000 1.0000 1.0000 1.0000 0.0000 0.0000
15.0000 8.3600 0.0000 1.0000 1.0000 1.0000 0.0000 0.0000
